0 5035
1 5055
2 5075
3 5095
4 5115
5 5135
6 5155
7 5175
8 5195
9 5215
10 5235
11 5255
12 5275
13 5295
14 5315
15 5335
16 5355
17 5375
18 5395
19 5415
20 5435
21 5455
22 5475
23 5495
24 5515
25 5535
26 5555
27 5575
28 5595
29 5615
30 5635
31 5655
32 5675
33 5695
34 5715
35 5735
36 5755
37 5775
38 5795
39 5815
40 5835
41 5855
42 5875
43 5895
44 5915
45 5935
46 5955
47 5975
48 5995
49 6015
50 6035
51 6055
52 6075
53 6095
54 6115
55 6135
56 6155
57 6175
58 6195
59 6215
60 6235
61 6255
62 6275
63 6295
64 6315
65 6335
66 6355
67 6375
68 6395
69 6415
70 6435
71 6455
72 6475
73 6495
74 6515
75 6535
76 6555
77 6575
78 6595
79 6615
80 6635
81 6655
82 6675
83 6695
84 6715
85 6735
86 6755
87 6775
88 6795
89 6815
90 6835
91 6855
92 6875
93 6895
94 6915
95 6935
96 6955
97 6975
98 6995
99 7015
100 7035
101 7055
102 7075
103 7095
104 7115
105 7135
106 7155
107 7175
108 7195
109 7215
110 7235
111 7255
112 7275
113 7295
114 7315
115 7335
116 7355
117 7375
118 7395
119 7415
120 7435
121 7455
122 7475
123 7495
124 7515
125 7535
126 7555
127 7575
128 7595
129 7615
130 7635
131 7655
132 7675
133 7695
134 7715
135 7735
136 7755
137 7775
138 7795
139 7815
140 7835
141 7855
142 7875
143 7895
144 7915
145 7935
146 7955
147 7975
148 7995
149 8015
150 8035
151 8055
152 8075
153 8095
154 8115
155 8135
156 8155
157 8175
158 8195
159 8215
160 8235
161 8255
162 8275
163 8295
164 8315
165 8335
166 8355
167 8375
168 8395
169 8415
170 8435
171 8455
172 8475
173 8495
174 8515
175 8535
176 8555
177 8575
178 8595
179 8615
180 8635
181 8655
182 8675
183 8695
184 8715
185 8735
186 8755
187 8775
188 8795
189 8815
190 8835
191 8855
192 8875
193 8895
194 8915
195 8935
196 8955
197 8975
198 8995
199 9015
200 9035
201 9055
202 9075
203 9095
204 9115
205 9135
206 9155
207 9175
208 9195
209 9215
210 9235
211 9255
212 9275
213 9295
214 9315
215 9335
216 9355
217 9375
218 9395
219 9415
220 9435
221 9455
222 9475
223 9495
224 9515
225 9535
226 9555
227 9575
228 9595
229 9615
230 9635
231 9655
232 9675
233 9695
234 9715
235 9735
236 9755
237 9775
238 9795
239 9815
240 9835
241 9855
242 9875
243 9895
244 9915
245 9935
246 9955
247 9975
248 9995
249 10015
250 10035
251 10055
252 10075
253 10095
254 10115
255 10135
256 10155
257 10175
258 10195
259 10215
260 10235
261 10255
262 10275
263 10295
264 10315
265 10335
266 10355
267 10375
268 10395
269 10415
270 10435
271 10455
272 10475
273 10495
274 10515
275 10535
276 10555
277 10575
278 10595
279 10615
280 10635
281 10655
282 10675
283 10695
284 10715
285 10735
286 10755
287 10775
288 10795
289 10815
290 10835
291 10855
292 10875
293 10895
294 10915
295 10935
296 10955
297 10975
298 10995
299 11015
300 11035
301 11055
302 11075
303 11095
304 11115
305 11135
306 11155
307 11175
308 11195
309 11215
310 11235
311 11255
312 11275
313 11295
314 11315
315 11335
316 11355
317 11375
318 11395
319 11415
320 11435
321 11455
322 11475
323 11495
324 11515
325 11535
326 11555
327 11575
328 11595
329 11615
330 11635
331 11655
332 11675
333 11695
334 11715
335 11735
336 11755
337 11775
338 11795
339 11815
340 11835
341 11855
342 11875
343 11895
344 11915
345 11935
346 11955
347 11975
348 11995
349 12015
350 12035
351 12055
352 12075
353 12095
354 12115
355 12135
356 12155
357 12175
358 12195
359 12215
360 12235
361 12255
362 12275
363 12295
364 12315
365 12335
366 12355
367 12375
368 12395
369 12415
370 12435
371 12455
372 12475
373 12495
374 12515
375 12535
376 12555
377 12575
378 12595
379 12615
380 12635
381 12655
382 12675
383 12695
384 12715
385 12735
386 12755
387 12775
388 12795
389 12815
390 12835
391 12855
392 12875
393 12895
394 12915
395 12935
396 12955
397 12975
398 12995
399 13015
400 13035
401 13055
402 13075
403 13095
404 13115
405 13135
406 13155
407 13175
408 13195
409 13215
410 13235
411 13255
412 13275
413 13295
414 13315
415 13335
416 13355
417 13375
418 13395
419 13415
420 13435
421 13455
422 13475
423 13495
424 13515
425 13535
426 13555
427 13575
428 13595
429 13615
430 13635
431 13655
432 13675
433 13695
434 13715
435 13735
436 13755
437 13775
438 13795
439 13815
440 13835
441 13855
442 13875
443 13895
444 13915
445 13935
446 13955
447 13975
448 13995
449 14015
450 14035
451 14055
452 14075
453 14095
454 14115
455 14135
456 14155
457 14175
458 14195
459 14215
460 14235
461 14255
462 14275
463 14295
464 14315
465 14335
466 14355
467 14375
468 14395
469 14415
470 14435
471 14455
472 14475
473 14495
474 14515
475 14535
476 14555
477 14575
478 14595
479 14615
480 14635
481 14655
482 14675
483 14695
484 14715
485 14735
486 14755
487 14775
488 14795
489 14815
490 14835
491 14855
492 14875
493 14895
494 14915
495 14935
496 14955
497 14975
498 14995
499 15015
500 15035
501 15055
502 15075
503 15095
504 15115
505 15135
506 15155
507 15175
508 15195
509 15215
510 15235
511 15255
512 15275
513 15295
514 15315
515 15335
516 15355
517 15375
518 15395
519 15415
520 15435
521 15455
522 15475
523 15495
524 15515
525 15535
526 15555
527 15575
528 15595
529 15615
530 15635
531 15655
532 15675
533 15695
534 15715
535 15735
536 15755
537 15775
538 15795
539 15815
540 15835
541 15855
542 15875
543 15895
544 15915
545 15935
546 15955
547 15975
548 15995
549 16015
550 16035
551 16055
552 16075
553 16095
554 16115
555 16135
556 16155
557 16175
558 16195
559 16215
560 16235
561 16255
562 16275
563 16295
564 16315
565 16335
566 16355
567 16375
568 16395
569 16415
570 16435
571 16455
572 16475
573 16495
574 16515
575 16535
576 16555
577 16575
578 16595
579 16615
580 16635
581 16655
582 16675
583 16695
584 16715
585 16735
586 16755
587 16775
588 16795
589 16815
590 16835
591 16855
592 16875
593 16895
594 16915
595 16935
596 16955
597 16975
598 16995
599 17015
600 17035
601 17055
602 17075
603 17095
604 17115
605 17135
606 17155
607 17175
608 17195
609 17215
610 17235
611 17255
612 17275
613 17295
614 17315
615 17335
616 17355
617 17375
618 17395
619 17415
620 17435
621 17455
622 17475
623 17495
624 17515
625 17535
626 17555
627 17575
628 17595
629 17615
630 17635
631 17655
632 17675
633 17695
634 17715
635 17735
636 17755
637 17775
638 17795
639 17815
640 17835
641 17855
642 17875
643 17895
644 17915
645 17935
646 17955
647 17975
648 17995
649 18015
650 18035
651 18055
652 18075
653 18095
654 18115
655 18135
656 18155
657 18175
658 18195
659 18215
660 18235
661 18255
662 18275
663 18295
664 18315
665 18335
666 18355
667 18375
668 18395
669 18415
670 18435
671 18455
672 18475
673 18495
674 18515
675 18535
676 18555
677 18575
678 18595
679 18615
680 18635
681 18655
682 18675
683 18695
684 18715
685 18735
686 18755
687 18775
688 18795
689 18815
690 18835
691 18855
692 18875
693 18895
694 18915
695 18935
696 18955
697 18975
698 18995
699 19015
700 19035
701 19055
702 19075
703 19095
704 19115
705 19135
706 19155
707 19175
708 19195
709 19215
710 19235
711 19255
712 19275
713 19295
714 19315
715 19335
716 19355
717 19375
718 19395
719 19415
720 19435
721 19455
722 19475
723 19495
724 19515
725 19535
726 19555
727 19575
728 19595
729 19615
730 19635
731 19655
732 19675
733 19695
734 19715
735 19735
736 19755
737 19775
738 19795
739 19815
740 19835
741 19855
742 19875
743 19895
744 19915
745 19935
746 19955
747 19975
748 19995
749 20015
750 20035
751 20055
752 20075
753 20095
754 20115
755 20135
756 20155
757 20175
758 20195
759 20215
760 20235
761 20255
762 20275
763 20295
764 20315
765 20335
766 20355
767 20375
768 20395
769 20415
770 20435
771 20455
772 20475
773 20495
774 20515
775 20535
776 20555
777 20575
778 20595
779 20615
780 20635
781 20655
782 20675
783 20695
784 20715
785 20735
786 20755
787 20775
788 20795
789 20815
790 20835
791 20855
792 20875
793 20895
794 20915
795 20935
796 20955
797 20975
798 20995
799 21015
800 21035
801 21055
802 21075
803 21095
804 21115
805 21135
806 21155
807 21175
808 21195
809 21215
810 21235
811 21255
812 21275
813 21295
814 21315
815 21335
816 21355
817 21375
818 21395
819 21415
820 21435
821 21455
822 21475
823 21495
824 21515
825 21535
826 21555
827 21575
828 21595
829 21615
830 21635
831 21655
832 21675
833 21695
834 21715
835 21735
836 21755
837 21775
838 21795
839 21815
840 21835
841 21855
842 21875
843 21895
844 21915
845 21935
846 21955
847 21975
848 21995
849 22015
850 22035
851 22055
852 22075
853 22095
854 22115
855 22135
856 22155
857 22175
858 22195
859 22215
860 22235
861 22255
862 22275
863 22295
864 22315
865 22335
866 22355
867 22375
868 22395
869 22415
870 22435
871 22455
872 22475
873 22495
874 22515
875 22535
876 22555
877 22575
878 22595
879 22615
880 22635
881 22655
882 22675
883 22695
884 22715
885 22735
886 22755
887 22775
888 22795
889 22815
890 22835
891 22855
892 22875
893 22895
894 22915
895 22935
896 22955
897 22975
898 22995
899 23015
900 23035
901 23055
902 23075
903 23095
904 23115
905 23135
906 23155
907 23175
908 23195
909 23215
910 23235
911 23255
912 23275
913 23295
914 23315
915 23335
916 23355
917 23375
918 23395
919 23415
920 23435
921 23455
922 23475
923 23495
924 23515
925 23535
926 23555
927 23575
928 23595
929 23615
930 23635
931 23655
932 23675
933 23695
934 23715
935 23735
936 23755
937 23775
938 23795
939 23815
940 23835
941 23855
942 23875
943 23895
944 23915
945 23935
946 23955
947 23975
948 23995
949 24015
950 24035
951 24055
952 24075
953 24095
954 24115
955 24135
956 24155
957 24175
958 24195
959 24215
960 24235
961 24255
962 24275
963 24295
964 24315
965 24335
966 24355
967 24375
968 24395
969 24415
970 24435
971 24455
972 24475
973 24495
974 24515
975 24535
976 24555
977 24575
978 24595
979 24615
980 24635
981 24655
982 24675
983 24695
984 24715
985 24735
986 24755
987 24775
988 24795
989 24815
990 24835
991 24855
992 24875
993 24895
994 24915
995 24935
996 24955
997 24975
998 24995
999 25015
1000 25035
1001 25055
1002 25075
1003 25095
1004 25115
1005 25135
1006 25155
1007 25175
1008 25195
1009 25215
1010 25235
1011 25255
1012 25275
1013 25295
1014 25315
1015 25335
1016 25355
1017 25375
1018 25395
1019 25415
1020 25435
1021 25455
1022 25475
1023 25495
1024 25515
1025 25535
1026 25555
1027 25575
1028 25595
1029 25615
1030 25635
1031 25655
1032 25675
1033 25695
1034 25715
1035 25735
1036 25755
1037 25775
1038 25795
1039 25815
1040 25835
1041 25855
1042 25875
1043 25895
1044 25915
1045 25935
1046 25955
1047 25975
1048 25995
1049 26015
1050 26035
1051 26055
1052 26075
1053 26095
1054 26115
1055 26135
1056 26155
1057 26175
1058 26195
1059 26215
1060 26235
1061 26255
1062 26275
1063 26295
1064 26315
1065 26335
1066 26355
1067 26375
1068 26395
1069 26415
1070 26435
1071 26455
1072 26475
1073 26495
1074 26515
1075 26535
1076 26555
1077 26575
1078 26595
1079 26615
1080 26635
1081 26655
1082 26675
1083 26695
1084 26715
1085 26735
1086 26755
1087 26775
1088 26795
1089 26815
1090 26835
1091 26855
1092 26875
1093 26895
1094 26915
1095 26935
1096 26955
1097 26975
1098 26995
1099 27015
1100 27035
1101 27055
1102 27075
1103 27095
1104 27115
1105 27135
1106 27155
1107 27175
1108 27195
1109 27215
1110 27235
1111 27255
1112 27275
1113 27295
1114 27315
1115 27335
1116 27355
1117 27375
1118 27395
1119 27415
1120 27435
1121 27455
1122 27475
1123 27495
1124 27515
1125 27535
1126 27555
1127 27575
1128 27595
1129 27615
1130 27635
1131 27655
1132 27675
1133 27695
1134 27715
1135 27735
1136 27755
1137 27775
1138 27795
1139 27815
1140 27835
1141 27855
1142 27875
1143 27895
1144 27915
1145 27935
1146 27955
1147 27975
1148 27995
1149 28015
1150 28035
1151 28055
1152 28075
1153 28095
1154 28115
1155 28135
1156 28155
1157 28175
1158 28195
1159 28215
1160 28235
1161 28255
1162 28275
1163 28295
1164 28315
1165 28335
1166 28355
1167 28375
1168 28395
1169 28415
1170 28435
1171 28455
1172 28475
1173 28495
1174 28515
1175 28535
1176 28555
1177 28575
1178 28595
1179 28615
1180 28635
1181 28655
1182 28675
1183 28695
1184 28715
1185 28735
1186 28755
1187 28775
1188 28795
1189 28815
1190 28835
1191 28855
1192 28875
1193 28895
1194 28915
1195 28935
1196 28955
1197 28975
1198 28995
1199 29015
1200 29035
1201 29055
1202 29075
1203 29095
1204 29115
1205 29135
1206 29155
1207 29175
1208 29195
1209 29215
1210 29235
1211 29255
1212 29275
1213 29295
1214 29315
1215 29335
1216 29355
1217 29375
1218 29395
1219 29415
1220 29435
1221 29455
1222 29475
1223 29495
1224 29515
1225 29535
1226 29555
1227 29575
1228 29595
1229 29615
1230 29635
1231 29655
1232 29675
1233 29695
1234 29715
1235 29735
1236 29755
1237 29775
1238 29795
1239 29815
1240 29835
1241 29855
1242 29875
1243 29895
1244 29915
1245 29935
1246 29955
1247 29975
1248 29995
1249 30015
1250 30035
1251 30055
1252 30075
1253 30095
1254 30115
1255 30135
1256 30155
1257 30175
1258 30195
1259 30215
1260 30235
1261 30255
1262 30275
1263 30295
1264 30315
1265 30335
1266 30355
1267 30375
1268 30395
1269 30415
1270 30435
1271 30455
1272 30475
1273 30495
1274 30515
1275 30535
1276 30555
1277 30575
1278 30595
1279 30615
1280 30635
1281 30655
1282 30675
1283 30695
1284 30715
1285 30735
1286 30755
1287 30775
1288 30795
1289 30815
1290 30835
1291 30855
1292 30875
1293 30895
1294 30915
1295 30935
1296 30955
1297 30975
1298 30995
1299 31015
1300 31035
1301 31055
1302 31075
1303 31095
1304 31115
1305 31135
1306 31155
1307 31175
1308 31195
1309 31215
1310 31235
1311 31255
1312 31275
1313 31295
1314 31315
1315 31335
1316 31355
1317 31375
1318 31395
1319 31415
1320 31435
1321 31455
1322 31475
1323 31495
1324 31515
1325 31535
1326 31555
1327 31575
1328 31595
1329 31615
1330 31635
1331 31655
1332 31675
1333 31695
1334 31715
1335 31735
1336 31755
1337 31775
1338 31795
1339 31815
1340 31835
1341 31855
1342 31875
1343 31895
1344 31915
1345 31935
1346 31955
1347 31975
1348 31995
1349 32015
1350 32035
1351 32055
1352 32075
1353 32095
1354 32115
1355 32135
1356 32155
1357 32175
1358 32195
1359 32215
1360 32235
1361 32255
1362 32275
1363 32295
1364 32315
1365 32335
1366 32355
1367 32375
1368 32395
1369 32415
1370 32435
1371 32455
1372 32475
1373 32495
1374 32515
1375 32535
1376 32555
1377 32575
1378 32595
1379 32615
1380 32635
1381 32655
1382 32675
1383 32695
1384 32715
1385 32735
1386 32755
1387 32775
1388 32795
1389 32815
1390 32835
1391 32855
1392 32875
1393 32895
1394 32915
1395 32935
1396 32955
1397 32975
1398 32995
1399 33015
1400 33035
1401 33055
1402 33075
1403 33095
1404 33115
1405 33135
1406 33155
1407 33175
1408 33195
1409 33215
1410 33235
1411 33255
1412 33275
1413 33295
1414 33315
1415 33335
1416 33355
1417 33375
1418 33395
1419 33415
1420 33435
1421 33455
1422 33475
1423 33495
1424 33515
1425 33535
1426 33555
1427 33575
1428 33595
1429 33615
1430 33635
1431 33655
1432 33675
1433 33695
1434 33715
1435 33735
1436 33755
1437 33775
1438 33795
1439 33815
1440 33835
1441 33855
1442 33875
1443 33895
1444 33915
1445 33935
1446 33955
1447 33975
1448 33995
1449 34015
1450 34035
1451 34055
1452 34075
1453 34095
1454 34115
1455 34135
1456 34155
1457 34175
1458 34195
1459 34215
1460 34235
1461 34255
1462 34275
1463 34295
1464 34315
1465 34335
1466 34355
1467 34375
1468 34395
1469 34415
1470 34435
1471 34455
1472 34475
1473 34495
1474 34515
1475 34535
1476 34555
1477 34575
1478 34595
1479 34615
1480 34635
1481 34655
1482 34675
1483 34695
1484 34715
1485 34735
1486 34755
1487 34775
1488 34795
1489 34815
1490 34835
1491 34855
1492 34875
1493 34895
1494 34915
1495 34935
1496 34955
1497 34975
1498 34995
1499 35015
1500 35035
1501 35055
1502 35075
1503 35095
1504 35115
1505 35135
1506 35155
1507 35175
1508 35195
1509 35215
1510 35235
1511 35255
1512 35275
1513 35295
1514 35315
1515 35335
1516 35355
1517 35375
1518 35395
1519 35415
1520 35435
1521 35455
1522 35475
1523 35495
1524 35515
1525 35535
1526 35555
1527 35575
1528 35595
1529 35615
1530 35635
1531 35655
1532 35675
1533 35695
1534 35715
1535 35735
1536 35755
1537 35775
1538 35795
1539 35815
1540 35835
1541 35855
1542 35875
1543 35895
1544 35915
1545 35935
1546 35955
1547 35975
1548 35995
1549 36015
1550 36035
1551 36055
1552 36075
1553 36095
1554 36115
1555 36135
1556 36155
1557 36175
1558 36195
1559 36215
1560 36235
1561 36255
1562 36275
1563 36295
1564 36315
1565 36335
1566 36355
1567 36375
