0 115
1 135
2 155
3 175
4 195
5 215
6 235
7 255
8 275
9 295
10 315
11 335
12 355
13 375
14 395
15 415
16 435
17 455
18 475
19 495
20 515
21 535
22 555
23 575
24 595
25 615
26 635
27 655
28 675
29 695
30 715
31 735
32 755
33 775
34 795
35 815
36 835
37 855
38 875
39 895
40 915
41 935
42 955
43 975
44 995
45 1015
46 1035
47 1055
48 1075
49 1095
50 1115
51 1135
52 1155
53 1175
54 1195
55 1215
56 1235
57 1255
58 1275
59 1295
60 1315
61 1335
62 1355
63 1375
64 1395
65 1415
66 1435
67 1455
68 1475
69 1495
70 1515
71 1535
72 1555
73 1575
74 1595
75 1615
76 1635
77 1655
78 1675
79 1695
80 1715
81 1735
82 1755
83 1775
84 1795
85 1815
86 1835
87 1855
88 1875
89 1895
90 1915
91 1935
92 1955
93 1975
94 1995
95 2015
96 2035
97 2055
98 2075
99 2095
100 2115
101 2135
102 2155
103 2175
104 2195
105 2215
106 2235
107 2255
108 2275
109 2295
110 2315
111 2335
112 2355
113 2375
114 2395
115 2415
116 2435
117 2455
118 2475
119 2495
120 2515
121 2535
122 2555
123 2575
124 2595
125 2615
126 2635
127 2655
128 2675
129 2695
130 2715
131 2735
132 2755
133 2775
134 2795
135 2815
136 2835
137 2855
138 2875
139 2895
140 2915
141 2935
142 2955
143 2975
144 2995
145 3015
146 3035
147 3055
148 3075
149 3095
150 3115
151 3135
152 3155
153 3175
154 3195
155 3215
156 3235
157 3255
158 3275
159 3295
160 3315
161 3335
162 3355
163 3375
164 3395
165 3415
166 3435
167 3455
168 3475
169 3495
170 3515
171 3535
172 3555
173 3575
174 3595
175 3615
176 3635
177 3655
178 3675
179 3695
180 3715
181 3735
182 3755
183 3775
184 3795
185 3815
186 3835
187 3855
188 3875
189 3895
190 3915
191 3935
192 3955
193 3975
194 3995
195 4015
196 4035
197 4055
198 4075
199 4095
200 4115
201 4135
202 4155
203 4175
204 4195
205 4215
206 4235
207 4255
208 4275
209 4295
210 4315
211 4335
212 4355
213 4375
214 4395
215 4415
216 4435
217 4455
218 4475
219 4495
220 4515
221 4535
222 4555
223 4575
224 4595
225 4615
226 4635
227 4655
228 4675
229 4695
230 4715
231 4735
232 4755
233 4775
234 4795
235 4815
236 4835
237 4855
238 4875
239 4895
240 4915
241 4935
242 4955
243 4975
244 4995
245 5015
246 5035
247 5055
248 5075
249 5095
250 5115
251 5135
252 5155
253 5175
254 5195
255 5215
256 5235
257 5255
258 5275
259 5295
260 5315
261 5335
262 5355
263 5375
264 5395
265 5415
266 5435
267 5455
268 5475
269 5495
270 5515
271 5535
272 5555
273 5575
274 5595
275 5615
276 5635
277 5655
278 5675
279 5695
280 5715
281 5735
282 5755
283 5775
284 5795
285 5815
286 5835
287 5855
288 5875
289 5895
290 5915
291 5935
292 5955
293 5975
294 5995
295 6015
296 6035
297 6055
298 6075
299 6095
300 6115
301 6135
302 6155
303 6175
304 6195
305 6215
306 6235
307 6255
308 6275
309 6295
310 6315
311 6335
312 6355
313 6375
314 6395
315 6415
316 6435
317 6455
318 6475
319 6495
320 6515
321 6535
322 6555
323 6575
324 6595
325 6615
326 6635
327 6655
328 6675
329 6695
330 6715
331 6735
332 6755
333 6775
334 6795
335 6815
336 6835
337 6855
338 6875
339 6895
340 6915
341 6935
342 6955
343 6975
344 6995
345 7015
346 7035
347 7055
348 7075
349 7095
350 7115
351 7135
352 7155
353 7175
354 7195
355 7215
356 7235
357 7255
358 7275
359 7295
360 7315
361 7335
362 7355
363 7375
364 7395
365 7415
366 7435
367 7455
368 7475
369 7495
370 7515
371 7535
372 7555
373 7575
374 7595
375 7615
376 7635
377 7655
378 7675
379 7695
380 7715
381 7735
382 7755
383 7775
384 7795
385 7815
386 7835
387 7855
388 7875
389 7895
390 7915
391 7935
392 7955
393 7975
394 7995
395 8015
396 8035
397 8055
398 8075
399 8095
400 8115
401 8135
402 8155
403 8175
404 8195
405 8215
406 8235
407 8255
408 8275
409 8295
410 8315
411 8335
412 8355
413 8375
414 8395
415 8415
416 8435
417 8455
418 8475
419 8495
420 8515
421 8535
422 8555
423 8575
424 8595
425 8615
426 8635
427 8655
428 8675
429 8695
430 8715
431 8735
432 8755
433 8775
434 8795
435 8815
436 8835
437 8855
438 8875
439 8895
440 8915
441 8935
442 8955
443 8975
444 8995
445 9015
446 9035
447 9055
448 9075
449 9095
450 9115
451 9135
452 9155
453 9175
454 9195
455 9215
456 9235
457 9255
458 9275
459 9295
460 9315
461 9335
462 9355
463 9375
464 9395
465 9415
466 9435
467 9455
468 9475
469 9495
470 9515
471 9535
472 9555
473 9575
474 9595
475 9615
476 9635
477 9655
478 9675
479 9695
480 9715
481 9735
482 9755
483 9775
484 9795
485 9815
486 9835
487 9855
488 9875
489 9895
490 9915
491 9935
492 9955
493 9975
494 9995
495 10015
496 10035
497 10055
498 10075
499 10095
500 10115
501 10135
502 10155
503 10175
504 10195
505 10215
506 10235
507 10255
508 10275
509 10295
510 10315
511 10335
512 10355
513 10375
514 10395
515 10415
516 10435
517 10455
518 10475
519 10495
520 10515
521 10535
522 10555
523 10575
524 10595
525 10615
526 10635
527 10655
528 10675
529 10695
530 10715
531 10735
532 10755
533 10775
534 10795
535 10815
536 10835
537 10855
538 10875
539 10895
540 10915
541 10935
542 10955
543 10975
544 10995
545 11015
546 11035
547 11055
548 11075
549 11095
550 11115
551 11135
552 11155
553 11175
554 11195
555 11215
556 11235
557 11255
558 11275
559 11295
560 11315
561 11335
562 11355
563 11375
564 11395
565 11415
566 11435
567 11455
568 11475
569 11495
570 11515
571 11535
572 11555
573 11575
574 11595
575 11615
576 11635
577 11655
578 11675
579 11695
580 11715
581 11735
582 11755
583 11775
584 11795
585 11815
586 11835
587 11855
588 11875
589 11895
590 11915
591 11935
592 11955
593 11975
594 11995
595 12015
596 12035
597 12055
598 12075
599 12095
600 12115
601 12135
602 12155
603 12175
604 12195
605 12215
606 12235
607 12255
608 12275
609 12295
610 12315
611 12335
612 12355
613 12375
614 12395
615 12415
616 12435
617 12455
618 12475
619 12495
620 12515
621 12535
622 12555
623 12575
624 12595
625 12615
626 12635
627 12655
628 12675
629 12695
630 12715
631 12735
632 12755
633 12775
634 12795
635 12815
636 12835
637 12855
638 12875
639 12895
640 12915
641 12935
642 12955
643 12975
644 12995
645 13015
646 13035
647 13055
648 13075
649 13095
650 13115
651 13135
652 13155
653 13175
654 13195
655 13215
656 13235
657 13255
658 13275
659 13295
660 13315
661 13335
662 13355
663 13375
664 13395
665 13415
666 13435
667 13455
668 13475
669 13495
670 13515
671 13535
672 13555
673 13575
674 13595
675 13615
676 13635
677 13655
678 13675
679 13695
680 13715
681 13735
682 13755
683 13775
684 13795
685 13815
686 13835
687 13855
688 13875
689 13895
690 13915
691 13935
692 13955
693 13975
694 13995
695 14015
696 14035
697 14055
698 14075
699 14095
700 14115
701 14135
702 14155
703 14175
704 14195
705 14215
706 14235
707 14255
708 14275
709 14295
710 14315
711 14335
712 14355
713 14375
714 14395
715 14415
716 14435
717 14455
718 14475
719 14495
720 14515
721 14535
722 14555
723 14575
724 14595
725 14615
726 14635
727 14655
728 14675
729 14695
730 14715
731 14735
732 14755
733 14775
734 14795
735 14815
736 14835
737 14855
738 14875
739 14895
740 14915
741 14935
742 14955
743 14975
744 14995
745 15015
746 15035
747 15055
748 15075
749 15095
750 15115
751 15135
752 15155
753 15175
754 15195
755 15215
756 15235
757 15255
758 15275
759 15295
760 15315
761 15335
762 15355
763 15375
764 15395
765 15415
766 15435
767 15455
768 15475
769 15495
770 15515
771 15535
772 15555
773 15575
774 15595
775 15615
776 15635
777 15655
778 15675
779 15695
780 15715
781 15735
782 15755
783 15775
784 15795
785 15815
786 15835
787 15855
788 15875
789 15895
790 15915
791 15935
792 15955
793 15975
794 15995
795 16015
796 16035
797 16055
798 16075
799 16095
800 16115
801 16135
802 16155
803 16175
804 16195
805 16215
806 16235
807 16255
808 16275
809 16295
810 16315
811 16335
812 16355
813 16375
814 16395
815 16415
816 16435
817 16455
818 16475
819 16495
820 16515
821 16535
822 16555
823 16575
824 16595
825 16615
826 16635
827 16655
828 16675
829 16695
830 16715
831 16735
832 16755
833 16775
834 16795
835 16815
836 16835
837 16855
838 16875
839 16895
840 16915
841 16935
842 16955
843 16975
844 16995
845 17015
846 17035
847 17055
848 17075
849 17095
850 17115
851 17135
852 17155
853 17175
854 17195
855 17215
856 17235
857 17255
858 17275
859 17295
860 17315
861 17335
862 17355
863 17375
864 17395
865 17415
866 17435
867 17455
868 17475
869 17495
870 17515
871 17535
872 17555
873 17575
874 17595
875 17615
876 17635
877 17655
878 17675
879 17695
880 17715
881 17735
882 17755
883 17775
884 17795
885 17815
886 17835
887 17855
888 17875
889 17895
890 17915
891 17935
892 17955
893 17975
894 17995
895 18015
896 18035
897 18055
898 18075
899 18095
900 18115
901 18135
902 18155
903 18175
904 18195
905 18215
906 18235
907 18255
908 18275
909 18295
910 18315
911 18335
912 18355
913 18375
914 18395
915 18415
916 18435
917 18455
918 18475
919 18495
920 18515
921 18535
922 18555
923 18575
924 18595
925 18615
926 18635
927 18655
928 18675
929 18695
930 18715
931 18735
932 18755
933 18775
934 18795
935 18815
936 18835
937 18855
938 18875
939 18895
940 18915
941 18935
942 18955
943 18975
944 18995
945 19015
946 19035
947 19055
948 19075
949 19095
950 19115
951 19135
952 19155
953 19175
954 19195
955 19215
956 19235
957 19255
958 19275
959 19295
960 19315
961 19335
962 19355
963 19375
964 19395
965 19415
966 19435
967 19455
968 19475
969 19495
970 19515
971 19535
972 19555
973 19575
974 19595
975 19615
976 19635
977 19655
978 19675
979 19695
980 19715
981 19735
982 19755
983 19775
984 19795
985 19815
986 19835
987 19855
988 19875
989 19895
990 19915
991 19935
992 19955
993 19975
994 19995
995 20015
996 20035
997 20055
998 20075
999 20095
1000 20115
1001 20135
1002 20155
1003 20175
1004 20195
1005 20215
1006 20235
1007 20255
1008 20275
1009 20295
1010 20315
1011 20335
1012 20355
1013 20375
1014 20395
1015 20415
1016 20435
1017 20455
1018 20475
1019 20495
1020 20515
1021 20535
1022 20555
1023 20575
1024 20595
1025 20615
1026 20635
1027 20655
1028 20675
1029 20695
1030 20715
1031 20735
1032 20755
1033 20775
1034 20795
1035 20815
1036 20835
1037 20855
1038 20875
1039 20895
1040 20915
1041 20935
1042 20955
1043 20975
1044 20995
1045 21015
1046 21035
1047 21055
1048 21075
1049 21095
1050 21115
1051 21135
1052 21155
1053 21175
1054 21195
1055 21215
1056 21235
1057 21255
1058 21275
1059 21295
1060 21315
1061 21335
1062 21355
1063 21375
1064 21395
1065 21415
1066 21435
1067 21455
1068 21475
1069 21495
1070 21515
1071 21535
1072 21555
1073 21575
1074 21595
1075 21615
1076 21635
1077 21655
1078 21675
1079 21695
1080 21715
1081 21735
1082 21755
1083 21775
1084 21795
1085 21815
1086 21835
1087 21855
1088 21875
1089 21895
1090 21915
1091 21935
1092 21955
1093 21975
1094 21995
1095 22015
1096 22035
1097 22055
1098 22075
1099 22095
1100 22115
1101 22135
1102 22155
1103 22175
1104 22195
1105 22215
1106 22235
1107 22255
1108 22275
1109 22295
1110 22315
1111 22335
1112 22355
1113 22375
1114 22395
1115 22415
1116 22435
1117 22455
1118 22475
1119 22495
1120 22515
1121 22535
1122 22555
1123 22575
1124 22595
1125 22615
1126 22635
1127 22655
1128 22675
1129 22695
1130 22715
1131 22735
1132 22755
1133 22775
1134 22795
1135 22815
1136 22835
1137 22855
1138 22875
1139 22895
1140 22915
1141 22935
1142 22955
1143 22975
1144 22995
1145 23015
1146 23035
1147 23055
1148 23075
1149 23095
1150 23115
1151 23135
1152 23155
1153 23175
1154 23195
1155 23215
1156 23235
1157 23255
1158 23275
1159 23295
1160 23315
1161 23335
1162 23355
1163 23375
1164 23395
1165 23415
1166 23435
1167 23455
1168 23475
1169 23495
1170 23515
1171 23535
1172 23555
1173 23575
1174 23595
1175 23615
1176 23635
1177 23655
1178 23675
1179 23695
1180 23715
1181 23735
1182 23755
1183 23775
1184 23795
1185 23815
1186 23835
1187 23855
1188 23875
1189 23895
1190 23915
1191 23935
1192 23955
1193 23975
1194 23995
1195 24015
1196 24035
1197 24055
1198 24075
1199 24095
1200 24115
1201 24135
1202 24155
1203 24175
1204 24195
1205 24215
1206 24235
1207 24255
1208 24275
1209 24295
1210 24315
1211 24335
1212 24355
1213 24375
1214 24395
1215 24415
1216 24435
1217 24455
1218 24475
1219 24495
1220 24515
1221 24535
1222 24555
1223 24575
1224 24595
1225 24615
1226 24635
1227 24655
1228 24675
1229 24695
1230 24715
1231 24735
1232 24755
1233 24775
1234 24795
1235 24815
1236 24835
1237 24855
1238 24875
1239 24895
1240 24915
1241 24935
1242 24955
1243 24975
1244 24995
1245 25015
1246 25035
1247 25055
1248 25075
1249 25095
1250 25115
1251 25135
1252 25155
1253 25175
1254 25195
1255 25215
1256 25235
1257 25255
1258 25275
1259 25295
1260 25315
1261 25335
1262 25355
1263 25375
1264 25395
1265 25415
1266 25435
1267 25455
1268 25475
1269 25495
1270 25515
1271 25535
1272 25555
1273 25575
1274 25595
1275 25615
1276 25635
1277 25655
1278 25675
1279 25695
1280 25715
1281 25735
1282 25755
1283 25775
1284 25795
1285 25815
1286 25835
1287 25855
1288 25875
1289 25895
1290 25915
1291 25935
1292 25955
1293 25975
1294 25995
1295 26015
1296 26035
1297 26055
1298 26075
1299 26095
1300 26115
1301 26135
1302 26155
1303 26175
1304 26195
1305 26215
1306 26235
1307 26255
1308 26275
1309 26295
1310 26315
1311 26335
1312 26355
1313 26375
1314 26395
1315 26415
1316 26435
1317 26455
1318 26475
1319 26495
1320 26515
1321 26535
1322 26555
1323 26575
1324 26595
1325 26615
1326 26635
1327 26655
1328 26675
1329 26695
1330 26715
1331 26735
1332 26755
1333 26775
1334 26795
1335 26815
1336 26835
1337 26855
1338 26875
1339 26895
1340 26915
1341 26935
1342 26955
1343 26975
1344 26995
1345 27015
1346 27035
1347 27055
1348 27075
1349 27095
1350 27115
1351 27135
1352 27155
1353 27175
1354 27195
1355 27215
1356 27235
1357 27255
1358 27275
1359 27295
1360 27315
1361 27335
1362 27355
1363 27375
1364 27395
1365 27415
1366 27435
1367 27455
1368 27475
1369 27495
1370 27515
1371 27535
1372 27555
1373 27575
1374 27595
1375 27615
1376 27635
1377 27655
1378 27675
1379 27695
1380 27715
1381 27735
1382 27755
1383 27775
1384 27795
1385 27815
1386 27835
1387 27855
1388 27875
1389 27895
1390 27915
1391 27935
1392 27955
1393 27975
1394 27995
1395 28015
1396 28035
1397 28055
1398 28075
1399 28095
1400 28115
1401 28135
1402 28155
1403 28175
1404 28195
1405 28215
1406 28235
1407 28255
1408 28275
1409 28295
1410 28315
1411 28335
1412 28355
1413 28375
1414 28395
1415 28415
1416 28435
1417 28455
1418 28475
1419 28495
1420 28515
1421 28535
1422 28555
1423 28575
1424 28595
1425 28615
1426 28635
1427 28655
1428 28675
1429 28695
1430 28715
1431 28735
1432 28755
1433 28775
1434 28795
1435 28815
1436 28835
1437 28855
1438 28875
1439 28895
1440 28915
1441 28935
1442 28955
1443 28975
1444 28995
1445 29015
1446 29035
1447 29055
1448 29075
1449 29095
1450 29115
1451 29135
1452 29155
1453 29175
1454 29195
1455 29215
1456 29235
1457 29255
1458 29275
1459 29295
1460 29315
1461 29335
1462 29355
1463 29375
1464 29395
1465 29415
1466 29435
1467 29455
1468 29475
1469 29495
1470 29515
1471 29535
1472 29555
1473 29575
1474 29595
1475 29615
1476 29635
1477 29655
1478 29675
1479 29695
1480 29715
1481 29735
1482 29755
1483 29775
1484 29795
1485 29815
1486 29835
1487 29855
1488 29875
1489 29895
1490 29915
1491 29935
1492 29955
1493 29975
1494 29995
1495 30015
1496 30035
1497 30055
1498 30075
1499 30095
1500 30115
1501 30135
1502 30155
1503 30175
1504 30195
1505 30215
1506 30235
1507 30255
1508 30275
1509 30295
1510 30315
1511 30335
1512 30355
1513 30375
1514 30395
1515 30415
1516 30435
1517 30455
1518 30475
1519 30495
1520 30515
1521 30535
1522 30555
1523 30575
1524 30595
1525 30615
1526 30635
1527 30655
1528 30675
1529 30695
1530 30715
1531 30735
1532 30755
1533 30775
1534 30795
1535 30815
1536 30835
1537 30855
1538 30875
1539 30895
1540 30915
1541 30935
1542 30955
1543 30975
1544 30995
1545 31015
1546 31035
1547 31055
1548 31075
1549 31095
1550 31115
1551 31135
1552 31155
1553 31175
1554 31195
1555 31215
1556 31235
1557 31255
1558 31275
1559 31295
1560 31315
1561 31335
1562 31355
1563 31375
1564 31395
1565 31415
1566 31435
1567 31455
1568 31475
1569 31495
1570 31515
1571 31535
1572 31555
1573 31575
1574 31595
1575 31615
1576 31635
1577 31655
1578 31675
1579 31695
1580 31715
1581 31735
1582 31755
1583 31775
1584 31795
1585 31815
1586 31835
1587 31855
1588 31875
1589 31895
1590 31915
1591 31935
1592 31955
1593 31975
1594 31995
1595 32015
1596 32035
1597 32055
1598 32075
1599 32095
1600 32115
1601 32135
1602 32155
1603 32175
1604 32195
1605 32215
1606 32235
1607 32255
1608 32275
1609 32295
1610 32315
1611 32335
1612 32355
1613 32375
1614 32395
1615 32415
1616 32435
1617 32455
1618 32475
1619 32495
1620 32515
1621 32535
1622 32555
1623 32575
1624 32595
1625 32615
1626 32635
1627 32655
1628 32675
1629 32695
1630 32715
1631 32735
1632 32755
1633 32775
1634 32795
1635 32815
1636 32835
1637 32855
1638 32875
1639 32895
1640 32915
1641 32935
1642 32955
1643 32975
1644 32995
1645 33015
1646 33035
1647 33055
1648 33075
1649 33095
1650 33115
1651 33135
1652 33155
1653 33175
1654 33195
1655 33215
1656 33235
1657 33255
1658 33275
1659 33295
1660 33315
1661 33335
1662 33355
1663 33375
1664 33395
1665 33415
1666 33435
1667 33455
1668 33475
1669 33495
1670 33515
1671 33535
1672 33555
1673 33575
1674 33595
1675 33615
1676 33635
1677 33655
1678 33675
1679 33695
1680 33715
1681 33735
1682 33755
1683 33775
1684 33795
1685 33815
1686 33835
1687 33855
1688 33875
1689 33895
1690 33915
1691 33935
1692 33955
1693 33975
1694 33995
1695 34015
1696 34035
1697 34055
1698 34075
1699 34095
1700 34115
1701 34135
1702 34155
1703 34175
1704 34195
1705 34215
1706 34235
1707 34255
1708 34275
1709 34295
1710 34315
1711 34335
1712 34355
1713 34375
1714 34395
1715 34415
1716 34435
1717 34455
1718 34475
1719 34495
1720 34515
1721 34535
1722 34555
1723 34575
1724 34595
1725 34615
1726 34635
1727 34655
1728 34675
1729 34695
1730 34715
1731 34735
1732 34755
1733 34775
1734 34795
1735 34815
1736 34835
1737 34855
1738 34875
1739 34895
1740 34915
1741 34935
1742 34955
1743 34975
1744 34995
1745 35015
1746 35035
1747 35055
1748 35075
1749 35095
1750 35115
1751 35135
1752 35155
1753 35175
1754 35195
1755 35215
1756 35235
1757 35255
1758 35275
1759 35295
1760 35315
1761 35335
1762 35355
1763 35375
1764 35395
1765 35415
1766 35435
1767 35455
1768 35475
1769 35495
1770 35515
1771 35535
1772 35555
1773 35575
1774 35595
1775 35615
1776 35635
1777 35655
1778 35675
1779 35695
1780 35715
1781 35735
1782 35755
1783 35775
1784 35795
1785 35815
1786 35835
1787 35855
1788 35875
1789 35895
1790 35915
1791 35935
1792 35955
1793 35975
1794 35995
1795 36015
1796 36035
1797 36055
1798 36075
1799 36095
1800 36115
1801 36135
1802 36155
1803 36175
1804 36195
1805 36215
1806 36235
1807 36255
1808 36275
1809 36295
1810 36315
1811 36335
1812 36355
1813 36375
