1 15
2 35
3 55
4 75
5 95
6 115
7 135
8 155
9 175
10 195
11 215
12 235
13 255
14 275
15 295
16 315
17 335
18 355
19 375
20 395
21 415
22 435
23 455
24 475
25 495
26 515
27 535
28 555
29 575
30 595
31 615
32 635
33 655
34 675
35 695
36 715
37 735
38 755
39 775
40 795
41 815
42 835
43 855
44 875
45 895
46 915
47 935
48 955
49 975
50 995
51 1015
52 1035
53 1055
54 1075
55 1095
56 1115
57 1135
58 1155
59 1175
60 1195
61 1215
62 1235
63 1255
64 1275
65 1295
66 1315
67 1335
68 1355
69 1375
70 1395
71 1415
72 1435
73 1455
74 1475
75 1495
76 1515
77 1535
78 1555
79 1575
80 1595
81 1615
82 1635
83 1655
84 1675
85 1695
86 1715
87 1735
88 1755
89 1775
90 1795
91 1815
92 1835
93 1855
94 1875
95 1895
96 1915
97 1935
98 1955
99 1975
100 1995
101 2015
102 2035
103 2055
104 2075
105 2095
106 2115
107 2135
108 2155
109 2175
110 2195
111 2215
112 2235
113 2255
114 2275
115 2295
116 2315
117 2335
118 2355
119 2375
120 2395
121 2415
122 2435
123 2455
124 2475
125 2495
126 2515
127 2535
128 2555
129 2575
130 2595
131 2615
132 2635
133 2655
134 2675
135 2695
136 2715
137 2735
138 2755
139 2775
140 2795
141 2815
142 2835
143 2855
144 2875
145 2895
146 2915
147 2935
148 2955
149 2975
150 2995
151 3015
152 3035
153 3055
154 3075
155 3095
156 3115
157 3135
158 3155
159 3175
160 3195
161 3215
162 3235
163 3255
164 3275
165 3295
166 3315
167 3335
168 3355
169 3375
170 3395
171 3415
172 3435
173 3455
174 3475
175 3495
176 3515
177 3535
178 3555
179 3575
180 3595
181 3615
182 3635
183 3655
184 3675
185 3695
186 3715
187 3735
188 3755
189 3775
190 3795
191 3815
192 3835
193 3855
194 3875
195 3895
196 3915
197 3935
198 3955
199 3975
200 3995
201 4015
202 4035
203 4055
204 4075
205 4095
206 4115
207 4135
208 4155
209 4175
210 4195
211 4215
212 4235
213 4255
214 4275
215 4295
216 4315
217 4335
218 4355
219 4375
220 4395
221 4415
222 4435
223 4455
224 4475
225 4495
226 4515
227 4535
228 4555
229 4575
230 4595
231 4615
232 4635
233 4655
234 4675
235 4695
236 4715
237 4735
238 4755
239 4775
240 4795
241 4815
242 4835
243 4855
244 4875
245 4895
246 4915
247 4935
248 4955
249 4975
250 4995
251 5015
252 5035
253 5055
254 5075
255 5095
256 5115
257 5135
258 5155
259 5175
260 5195
261 5215
262 5235
263 5255
264 5275
265 5295
266 5315
267 5335
268 5355
269 5375
270 5395
271 5415
272 5435
273 5455
274 5475
275 5495
276 5515
277 5535
278 5555
279 5575
280 5595
281 5615
282 5635
283 5655
284 5675
285 5695
286 5715
287 5735
288 5755
289 5775
290 5795
291 5815
292 5835
293 5855
294 5875
295 5895
296 5915
297 5935
298 5955
299 5975
300 5995
301 6015
302 6035
303 6055
304 6075
305 6095
306 6115
307 6135
308 6155
309 6175
310 6195
311 6215
312 6235
313 6255
314 6275
315 6295
316 6315
317 6335
318 6355
319 6375
320 6395
321 6415
322 6435
323 6455
324 6475
325 6495
326 6515
327 6535
328 6555
329 6575
330 6595
331 6615
332 6635
333 6655
334 6675
335 6695
336 6715
337 6735
338 6755
339 6775
340 6795
341 6815
342 6835
343 6855
344 6875
345 6895
346 6915
347 6935
348 6955
349 6975
350 6995
351 7015
352 7035
353 7055
354 7075
355 7095
356 7115
357 7135
358 7155
359 7175
360 7195
361 7215
362 7235
363 7255
364 7275
365 7295
366 7315
367 7335
368 7355
369 7375
370 7395
371 7415
372 7435
373 7455
374 7475
375 7495
376 7515
377 7535
378 7555
379 7575
380 7595
381 7615
382 7635
383 7655
384 7675
385 7695
386 7715
387 7735
388 7755
389 7775
390 7795
391 7815
392 7835
393 7855
394 7875
395 7895
396 7915
397 7935
398 7955
399 7975
400 7995
401 8015
402 8035
403 8055
404 8075
405 8095
406 8115
407 8135
408 8155
409 8175
410 8195
411 8215
412 8235
413 8255
414 8275
415 8295
416 8315
417 8335
418 8355
419 8375
420 8395
421 8415
422 8435
423 8455
424 8475
425 8495
426 8515
427 8535
428 8555
429 8575
430 8595
431 8615
432 8635
433 8655
434 8675
435 8695
436 8715
437 8735
438 8755
439 8775
440 8795
441 8815
442 8835
443 8855
444 8875
445 8895
446 8915
447 8935
448 8955
449 8975
450 8995
451 9015
452 9035
453 9055
454 9075
455 9095
456 9115
457 9135
458 9155
459 9175
460 9195
461 9215
462 9235
463 9255
464 9275
465 9295
466 9315
467 9335
468 9355
469 9375
470 9395
471 9415
472 9435
473 9455
474 9475
475 9495
476 9515
477 9535
478 9555
479 9575
480 9595
481 9615
482 9635
483 9655
484 9675
485 9695
486 9715
487 9735
488 9755
489 9775
490 9795
491 9815
492 9835
493 9855
494 9875
495 9895
496 9915
497 9935
498 9955
499 9975
500 9995
501 10015
502 10035
503 10055
504 10075
505 10095
506 10115
507 10135
508 10155
509 10175
510 10195
511 10215
512 10235
513 10255
514 10275
515 10295
516 10315
517 10335
518 10355
519 10375
520 10395
521 10415
522 10435
523 10455
524 10475
525 10495
526 10515
527 10535
528 10555
529 10575
530 10595
531 10615
532 10635
533 10655
534 10675
535 10695
536 10715
537 10735
538 10755
539 10775
540 10795
541 10815
542 10835
543 10855
544 10875
545 10895
546 10915
547 10935
548 10955
549 10975
550 10995
551 11015
552 11035
553 11055
554 11075
555 11095
556 11115
557 11135
558 11155
559 11175
560 11195
561 11215
562 11235
563 11255
564 11275
565 11295
566 11315
567 11335
568 11355
569 11375
570 11395
571 11415
572 11435
573 11455
574 11475
575 11495
576 11515
577 11535
578 11555
579 11575
580 11595
581 11615
582 11635
583 11655
584 11675
585 11695
586 11715
587 11735
588 11755
589 11775
590 11795
591 11815
592 11835
593 11855
594 11875
595 11895
596 11915
597 11935
598 11955
599 11975
600 11995
601 12015
602 12035
603 12055
604 12075
605 12095
606 12115
607 12135
608 12155
609 12175
610 12195
611 12215
612 12235
613 12255
614 12275
615 12295
616 12315
617 12335
618 12355
619 12375
620 12395
621 12415
622 12435
623 12455
624 12475
625 12495
626 12515
627 12535
628 12555
629 12575
630 12595
631 12615
632 12635
633 12655
634 12675
635 12695
636 12715
637 12735
638 12755
639 12775
640 12795
641 12815
642 12835
643 12855
644 12875
645 12895
646 12915
647 12935
648 12955
649 12975
650 12995
651 13015
652 13035
653 13055
654 13075
655 13095
656 13115
657 13135
658 13155
659 13175
660 13195
661 13215
662 13235
663 13255
664 13275
665 13295
666 13315
667 13335
668 13355
669 13375
670 13395
671 13415
672 13435
673 13455
674 13475
675 13495
676 13515
677 13535
678 13555
679 13575
680 13595
681 13615
682 13635
683 13655
684 13675
685 13695
686 13715
687 13735
688 13755
689 13775
690 13795
691 13815
692 13835
693 13855
694 13875
695 13895
696 13915
697 13935
698 13955
699 13975
700 13995
701 14015
702 14035
703 14055
704 14075
705 14095
706 14115
707 14135
708 14155
709 14175
710 14195
711 14215
712 14235
713 14255
714 14275
715 14295
716 14315
717 14335
718 14355
719 14375
720 14395
721 14415
722 14435
723 14455
724 14475
725 14495
726 14515
727 14535
728 14555
729 14575
730 14595
731 14615
732 14635
733 14655
734 14675
735 14695
736 14715
737 14735
738 14755
739 14775
740 14795
741 14815
742 14835
743 14855
744 14875
745 14895
746 14915
747 14935
748 14955
749 14975
750 14995
751 15015
752 15035
753 15055
754 15075
755 15095
756 15115
757 15135
758 15155
759 15175
760 15195
761 15215
762 15235
763 15255
764 15275
765 15295
766 15315
767 15335
768 15355
769 15375
770 15395
771 15415
772 15435
773 15455
774 15475
775 15495
776 15515
777 15535
778 15555
779 15575
780 15595
781 15615
782 15635
783 15655
784 15675
785 15695
786 15715
787 15735
788 15755
789 15775
790 15795
791 15815
792 15835
793 15855
794 15875
795 15895
796 15915
797 15935
798 15955
799 15975
800 15995
801 16015
802 16035
803 16055
804 16075
805 16095
806 16115
807 16135
808 16155
809 16175
810 16195
811 16215
812 16235
813 16255
814 16275
815 16295
816 16315
817 16335
818 16355
819 16375
820 16395
821 16415
822 16435
823 16455
824 16475
825 16495
826 16515
827 16535
828 16555
829 16575
830 16595
831 16615
832 16635
833 16655
834 16675
835 16695
836 16715
837 16735
838 16755
839 16775
840 16795
841 16815
842 16835
843 16855
844 16875
845 16895
846 16915
847 16935
848 16955
849 16975
850 16995
851 17015
852 17035
853 17055
854 17075
855 17095
856 17115
857 17135
858 17155
859 17175
860 17195
861 17215
862 17235
863 17255
864 17275
865 17295
866 17315
867 17335
868 17355
869 17375
870 17395
871 17415
872 17435
873 17455
874 17475
875 17495
876 17515
877 17535
878 17555
879 17575
880 17595
881 17615
882 17635
883 17655
884 17675
885 17695
886 17715
887 17735
888 17755
889 17775
890 17795
891 17815
892 17835
893 17855
894 17875
895 17895
896 17915
897 17935
898 17955
899 17975
900 17995
901 18015
902 18035
903 18055
904 18075
905 18095
906 18115
907 18135
908 18155
909 18175
910 18195
911 18215
912 18235
913 18255
914 18275
915 18295
916 18315
917 18335
918 18355
919 18375
920 18395
921 18415
922 18435
923 18455
924 18475
925 18495
926 18515
927 18535
928 18555
929 18575
930 18595
931 18615
932 18635
933 18655
934 18675
935 18695
936 18715
937 18735
938 18755
939 18775
940 18795
941 18815
942 18835
943 18855
944 18875
945 18895
946 18915
947 18935
948 18955
949 18975
950 18995
951 19015
952 19035
953 19055
954 19075
955 19095
956 19115
957 19135
958 19155
959 19175
960 19195
961 19215
962 19235
963 19255
964 19275
965 19295
966 19315
967 19335
968 19355
969 19375
970 19395
971 19415
972 19435
973 19455
974 19475
975 19495
976 19515
977 19535
978 19555
979 19575
980 19595
981 19615
982 19635
983 19655
984 19675
985 19695
986 19715
987 19735
988 19755
989 19775
990 19795
991 19815
992 19835
993 19855
994 19875
995 19895
996 19915
997 19935
998 19955
999 19975
1000 19995
1001 20015
1002 20035
1003 20055
1004 20075
1005 20095
1006 20115
1007 20135
1008 20155
1009 20175
1010 20195
1011 20215
1012 20235
1013 20255
1014 20275
1015 20295
1016 20315
1017 20335
1018 20355
1019 20375
1020 20395
1021 20415
1022 20435
1023 20455
1024 20475
1025 20495
1026 20515
1027 20535
1028 20555
1029 20575
1030 20595
1031 20615
1032 20635
1033 20655
1034 20675
1035 20695
1036 20715
1037 20735
1038 20755
1039 20775
1040 20795
1041 20815
1042 20835
1043 20855
1044 20875
1045 20895
1046 20915
1047 20935
1048 20955
1049 20975
1050 20995
1051 21015
1052 21035
1053 21055
1054 21075
1055 21095
1056 21115
1057 21135
1058 21155
1059 21175
1060 21195
1061 21215
1062 21235
1063 21255
1064 21275
1065 21295
1066 21315
1067 21335
1068 21355
1069 21375
1070 21395
1071 21415
1072 21435
1073 21455
1074 21475
1075 21495
1076 21515
1077 21535
1078 21555
1079 21575
1080 21595
1081 21615
1082 21635
1083 21655
1084 21675
1085 21695
1086 21715
1087 21735
1088 21755
1089 21775
1090 21795
1091 21815
1092 21835
1093 21855
1094 21875
1095 21895
1096 21915
1097 21935
1098 21955
1099 21975
1100 21995
1101 22015
1102 22035
1103 22055
1104 22075
1105 22095
1106 22115
1107 22135
1108 22155
1109 22175
1110 22195
1111 22215
1112 22235
1113 22255
1114 22275
1115 22295
1116 22315
1117 22335
1118 22355
1119 22375
1120 22395
1121 22415
1122 22435
1123 22455
1124 22475
1125 22495
1126 22515
1127 22535
1128 22555
1129 22575
1130 22595
1131 22615
1132 22635
1133 22655
1134 22675
1135 22695
1136 22715
1137 22735
1138 22755
1139 22775
1140 22795
1141 22815
1142 22835
1143 22855
1144 22875
1145 22895
1146 22915
1147 22935
1148 22955
1149 22975
1150 22995
1151 23015
1152 23035
1153 23055
1154 23075
1155 23095
1156 23115
1157 23135
1158 23155
1159 23175
1160 23195
1161 23215
1162 23235
1163 23255
1164 23275
1165 23295
1166 23315
1167 23335
1168 23355
1169 23375
1170 23395
1171 23415
1172 23435
1173 23455
1174 23475
1175 23495
1176 23515
1177 23535
1178 23555
1179 23575
1180 23595
1181 23615
1182 23635
1183 23655
1184 23675
1185 23695
1186 23715
1187 23735
1188 23755
1189 23775
1190 23795
1191 23815
1192 23835
1193 23855
1194 23875
1195 23895
1196 23915
1197 23935
1198 23955
1199 23975
1200 23995
1201 24015
1202 24035
1203 24055
1204 24075
1205 24095
1206 24115
1207 24135
1208 24155
1209 24175
1210 24195
1211 24215
1212 24235
1213 24255
1214 24275
1215 24295
1216 24315
1217 24335
1218 24355
1219 24375
1220 24395
1221 24415
1222 24435
1223 24455
1224 24475
1225 24495
1226 24515
1227 24535
1228 24555
1229 24575
1230 24595
1231 24615
1232 24635
1233 24655
1234 24675
1235 24695
1236 24715
1237 24735
1238 24755
1239 24775
1240 24795
1241 24815
1242 24835
1243 24855
1244 24875
1245 24895
1246 24915
1247 24935
1248 24955
1249 24975
1250 24995
1251 25015
1252 25035
1253 25055
1254 25075
1255 25095
1256 25115
1257 25135
1258 25155
1259 25175
1260 25195
1261 25215
1262 25235
1263 25255
1264 25275
1265 25295
1266 25315
1267 25335
1268 25355
1269 25375
1270 25395
1271 25415
1272 25435
1273 25455
1274 25475
1275 25495
1276 25515
1277 25535
1278 25555
1279 25575
1280 25595
1281 25615
1282 25635
1283 25655
1284 25675
1285 25695
1286 25715
1287 25735
1288 25755
1289 25775
1290 25795
1291 25815
1292 25835
1293 25855
1294 25875
1295 25895
1296 25915
1297 25935
1298 25955
1299 25975
1300 25995
1301 26015
1302 26035
1303 26055
1304 26075
1305 26095
1306 26115
1307 26135
1308 26155
1309 26175
1310 26195
1311 26215
1312 26235
1313 26255
1314 26275
1315 26295
1316 26315
1317 26335
1318 26355
1319 26375
1320 26395
1321 26415
1322 26435
1323 26455
1324 26475
1325 26495
1326 26515
1327 26535
1328 26555
1329 26575
1330 26595
1331 26615
1332 26635
1333 26655
1334 26675
1335 26695
1336 26715
1337 26735
1338 26755
1339 26775
1340 26795
1341 26815
1342 26835
1343 26855
1344 26875
1345 26895
1346 26915
1347 26935
1348 26955
1349 26975
1350 26995
1351 27015
1352 27035
1353 27055
1354 27075
1355 27095
1356 27115
1357 27135
1358 27155
1359 27175
1360 27195
1361 27215
1362 27235
1363 27255
1364 27275
1365 27295
1366 27315
1367 27335
1368 27355
1369 27375
1370 27395
1371 27415
1372 27435
1373 27455
1374 27475
1375 27495
1376 27515
1377 27535
1378 27555
1379 27575
1380 27595
1381 27615
1382 27635
1383 27655
1384 27675
1385 27695
1386 27715
1387 27735
1388 27755
1389 27775
1390 27795
1391 27815
1392 27835
1393 27855
1394 27875
1395 27895
1396 27915
1397 27935
1398 27955
1399 27975
1400 27995
1401 28015
1402 28035
1403 28055
1404 28075
1405 28095
1406 28115
1407 28135
1408 28155
1409 28175
1410 28195
1411 28215
1412 28235
1413 28255
1414 28275
1415 28295
1416 28315
1417 28335
1418 28355
1419 28375
1420 28395
1421 28415
1422 28435
1423 28455
1424 28475
1425 28495
1426 28515
1427 28535
1428 28555
1429 28575
1430 28595
1431 28615
1432 28635
1433 28655
1434 28675
1435 28695
1436 28715
1437 28735
1438 28755
1439 28775
1440 28795
1441 28815
1442 28835
1443 28855
1444 28875
1445 28895
1446 28915
1447 28935
1448 28955
1449 28975
1450 28995
1451 29015
1452 29035
1453 29055
1454 29075
1455 29095
1456 29115
1457 29135
1458 29155
1459 29175
1460 29195
1461 29215
1462 29235
1463 29255
1464 29275
1465 29295
1466 29315
1467 29335
1468 29355
1469 29375
1470 29395
1471 29415
1472 29435
1473 29455
1474 29475
1475 29495
1476 29515
1477 29535
1478 29555
1479 29575
1480 29595
1481 29615
1482 29635
1483 29655
1484 29675
1485 29695
1486 29715
1487 29735
1488 29755
1489 29775
1490 29795
1491 29815
1492 29835
1493 29855
1494 29875
1495 29895
1496 29915
1497 29935
1498 29955
1499 29975
1500 29995
1501 30015
1502 30035
1503 30055
1504 30075
1505 30095
1506 30115
1507 30135
1508 30155
1509 30175
1510 30195
1511 30215
1512 30235
1513 30255
1514 30275
1515 30295
1516 30315
1517 30335
1518 30355
1519 30375
1520 30395
1521 30415
1522 30435
1523 30455
1524 30475
1525 30495
1526 30515
1527 30535
1528 30555
1529 30575
1530 30595
1531 30615
1532 30635
1533 30655
1534 30675
1535 30695
1536 30715
1537 30735
1538 30755
1539 30775
1540 30795
1541 30815
1542 30835
1543 30855
1544 30875
1545 30895
1546 30915
1547 30935
1548 30955
1549 30975
1550 30995
1551 31015
1552 31035
1553 31055
1554 31075
1555 31095
1556 31115
1557 31135
1558 31155
1559 31175
1560 31195
1561 31215
1562 31235
1563 31255
1564 31275
1565 31295
1566 31315
1567 31335
1568 31355
1569 31375
1570 31395
1571 31415
1572 31435
1573 31455
1574 31475
1575 31495
1576 31515
1577 31535
1578 31555
1579 31575
1580 31595
1581 31615
1582 31635
1583 31655
1584 31675
1585 31695
1586 31715
1587 31735
1588 31755
1589 31775
1590 31795
1591 31815
1592 31835
1593 31855
1594 31875
1595 31895
1596 31915
1597 31935
1598 31955
1599 31975
1600 31995
1601 32015
1602 32035
1603 32055
1604 32075
1605 32095
1606 32115
1607 32135
1608 32155
1609 32175
1610 32195
1611 32215
1612 32235
1613 32255
1614 32275
1615 32295
1616 32315
1617 32335
1618 32355
1619 32375
1620 32395
1621 32415
1622 32435
1623 32455
1624 32475
1625 32495
1626 32515
1627 32535
1628 32555
1629 32575
1630 32595
1631 32615
1632 32635
1633 32655
1634 32675
1635 32695
1636 32715
1637 32735
1638 32755
1639 32775
1640 32795
1641 32815
1642 32835
1643 32855
1644 32875
1645 32895
1646 32915
1647 32935
1648 32955
1649 32975
1650 32995
1651 33015
1652 33035
1653 33055
1654 33075
1655 33095
1656 33115
1657 33135
1658 33155
1659 33175
1660 33195
1661 33215
1662 33235
1663 33255
1664 33275
1665 33295
1666 33315
1667 33335
1668 33355
1669 33375
1670 33395
1671 33415
1672 33435
1673 33455
1674 33475
1675 33495
1676 33515
1677 33535
1678 33555
1679 33575
1680 33595
1681 33615
1682 33635
1683 33655
1684 33675
1685 33695
1686 33715
1687 33735
1688 33755
1689 33775
1690 33795
1691 33815
1692 33835
1693 33855
1694 33875
1695 33895
1696 33915
1697 33935
1698 33955
1699 33975
1700 33995
1701 34015
1702 34035
1703 34055
1704 34075
1705 34095
1706 34115
1707 34135
1708 34155
1709 34175
1710 34195
1711 34215
1712 34235
1713 34255
1714 34275
1715 34295
1716 34315
1717 34335
1718 34355
1719 34375
1720 34395
1721 34415
1722 34435
1723 34455
1724 34475
1725 34495
1726 34515
1727 34535
1728 34555
1729 34575
1730 34595
1731 34615
1732 34635
1733 34655
1734 34675
1735 34695
1736 34715
1737 34735
1738 34755
1739 34775
1740 34795
1741 34815
1742 34835
1743 34855
1744 34875
1745 34895
1746 34915
1747 34935
1748 34955
1749 34975
1750 34995
1751 35015
1752 35035
1753 35055
1754 35075
1755 35095
1756 35115
1757 35135
1758 35155
1759 35175
1760 35195
1761 35215
1762 35235
1763 35255
1764 35275
1765 35295
1766 35315
1767 35335
1768 35355
1769 35375
1770 35395
1771 35415
1772 35435
1773 35455
1774 35475
1775 35495
1776 35515
1777 35535
1778 35555
1779 35575
1780 35595
1781 35615
1782 35635
1783 35655
1784 35675
1785 35695
1786 35715
1787 35735
1788 35755
1789 35775
1790 35795
1791 35815
1792 35835
1793 35855
1794 35875
1795 35895
1796 35915
1797 35935
1798 35955
1799 35975
1800 35995
1801 36015
1802 36035
1803 36055
1804 36075
1805 36095
1806 36115
1807 36135
1808 36155
1809 36175
1810 36195
1811 36215
1812 36235
1813 36255
1814 36275
1815 36295
1816 36315
1817 36335
1818 36355
1819 36375
